[
  {
    "id": 0,
    "image": "92.jpeg",
    "R": [
      [
        0.9999994039535522,
        -9.053279791260138e-05,
        0.0010754192480817437
      ],
      [
        9.00892264326103e-05,
        0.9999999403953552,
        0.0004125080304220319
      ],
      [
        -0.0010754565009847283,
        -0.00041241091093979776,
        0.9999993443489075
      ]
    ],
    "t": [
      [
        27.87683868408203
      ],
      [
        45.35472869873047
      ],
      [
        -72.49320220947266
      ]
    ]
  },
  {
    "id": 1,
    "image": "93.jpeg",
    "R": [
      [
        0.9504737854003906,
        -0.15859928727149963,
        0.2672935128211975
      ],
      [
        0.13866305351257324,
        0.9860566258430481,
        0.09200473129749298
      ],
      [
        -0.27815842628479004,
        -0.05038435384631157,
        0.9592128396034241
      ]
    ],
    "t": [
      [
        5.0551862716674805
      ],
      [
        43.06216049194336
      ],
      [
        -80.83323669433594
      ]
    ]
  },
  {
    "id": 2,
    "image": "94.jpeg",
    "R": [
      [
        0.9215189814567566,
        -0.11752534657716751,
        0.3701223134994507
      ],
      [
        -0.019968971610069275,
        0.9375027418136597,
        0.347404420375824
      ],
      [
        -0.3878195285797119,
        -0.32753071188926697,
        0.8615797162055969
      ]
    ],
    "t": [
      [
        6.622958660125732
      ],
      [
        22.489078521728516
      ],
      [
        -96.24048614501953
      ]
    ]
  },
  {
    "id": 3,
    "image": "95.jpeg",
    "R": [
      [
        0.9130481481552124,
        -0.18333064019680023,
        0.3643254041671753
      ],
      [
        0.14240089058876038,
        0.9803592562675476,
        0.1364467740058899
      ],
      [
        -0.3821846544742584,
        -0.07270221412181854,
        0.9212216138839722
      ]
    ],
    "t": [
      [
        5.378883361816406
      ],
      [
        40.34975814819336
      ],
      [
        -83.24331665039062
      ]
    ]
  }
]