[
  {
    "id": 0,
    "image": "74.jpeg",
    "R": [
      [
        0.9996591806411743,
        0.01242752093821764,
        0.02295810729265213
      ],
      [
        -0.014594316482543945,
        0.9952005743980408,
        0.09676174819469452
      ],
      [
        -0.02164541371166706,
        -0.0970638319849968,
        0.9950427412986755
      ]
    ],
    "t": [
      [
        39.720706939697266
      ],
      [
        79.86457824707031
      ],
      [
        -74.26277923583984
      ]
    ]
  },
  {
    "id": 1,
    "image": "75.jpeg",
    "R": [
      [
        0.9896325469017029,
        -0.1044393852353096,
        0.09858928620815277
      ],
      [
        0.09598442167043686,
        0.9915794134140015,
        0.08693278580904007
      ],
      [
        -0.10683830827474594,
        -0.07656847685575485,
        0.9913237690925598
      ]
    ],
    "t": [
      [
        27.576065063476562
      ],
      [
        85.6924819946289
      ],
      [
        -75.78002166748047
      ]
    ]
  },
  {
    "id": 2,
    "image": "76.jpeg",
    "R": [
      [
        0.9405345916748047,
        -0.23763106763362885,
        0.24274717271327972
      ],
      [
        0.21598750352859497,
        0.9698830246925354,
        0.11258890479803085
      ],
      [
        -0.2621909976005554,
        -0.0534634031355381,
        0.963533878326416
      ]
    ],
    "t": [
      [
        13.271456718444824
      ],
      [
        97.2677001953125
      ],
      [
        -89.26315307617188
      ]
    ]
  },
  {
    "id": 3,
    "image": "77.jpeg",
    "R": [
      [
        0.9255431294441223,
        -0.3297187387943268,
        0.1861596703529358
      ],
      [
        0.3043630123138428,
        0.9403141736984253,
        0.15222473442554474
      ],
      [
        -0.22523993253707886,
        -0.0842304453253746,
        0.9706555604934692
      ]
    ],
    "t": [
      [
        12.804279327392578
      ],
      [
        99.4065933227539
      ],
      [
        -95.09561920166016
      ]
    ]
  },
  {
    "id": 4,
    "image": "78.jpeg",
    "R": [
      [
        0.9363190531730652,
        -0.3117496371269226,
        0.16161319613456726
      ],
      [
        0.2779168486595154,
        0.9392131567001343,
        0.201595738530159
      ],
      [
        -0.2146366387605667,
        -0.1438428908586502,
        0.9660436511039734
      ]
    ],
    "t": [
      [
        14.06391429901123
      ],
      [
        100.42980194091797
      ],
      [
        -97.40756225585938
      ]
    ]
  },
  {
    "id": 5,
    "image": "79.jpeg",
    "R": [
      [
        0.9332958459854126,
        -0.3178059458732605,
        0.16720712184906006
      ],
      [
        0.28493115305900574,
        0.9387422800064087,
        0.19384823739528656
      ],
      [
        -0.2185705155134201,
        -0.13327524065971375,
        0.9666771292686462
      ]
    ],
    "t": [
      [
        16.165918350219727
      ],
      [
        102.76201629638672
      ],
      [
        -100.0071792602539
      ]
    ]
  },
  {
    "id": 6,
    "image": "80.jpeg",
    "R": [
      [
        0.93292236328125,
        -0.32259848713874817,
        0.1599564254283905
      ],
      [
        0.2576597332954407,
        0.9083966612815857,
        0.3292825520038605
      ],
      [
        -0.2515299320220947,
        -0.26598072052001953,
        0.930584192276001
      ]
    ],
    "t": [
      [
        -19.368385314941406
      ],
      [
        -40.668975830078125
      ],
      [
        59.55519485473633
      ]
    ]
  },
  {
    "id": 7,
    "image": "81.jpeg",
    "R": [
      [
        0.936638355255127,
        -0.31755101680755615,
        0.14788493514060974
      ],
      [
        0.25482890009880066,
        0.9073435664176941,
        0.33434998989105225
      ],
      [
        -0.24035562574863434,
        -0.27547967433929443,
        0.930773913860321
      ]
    ],
    "t": [
      [
        -20.104551315307617
      ],
      [
        -40.02151870727539
      ],
      [
        59.179508209228516
      ]
    ]
  },
  {
    "id": 8,
    "image": "82.jpeg",
    "R": [
      [
        0.9662083387374878,
        -0.22948633134365082,
        0.1173774003982544
      ],
      [
        0.23079456388950348,
        0.9729992747306824,
        0.0025080651976168156
      ],
      [
        -0.11478368937969208,
        0.02466675266623497,
        0.993084192276001
      ]
    ],
    "t": [
      [
        -17.64447593688965
      ],
      [
        -34.12612533569336
      ],
      [
        50.80729675292969
      ]
    ]
  },
  {
    "id": 9,
    "image": "83.jpeg",
    "R": [
      [
        0.9636480808258057,
        -0.2357328087091446,
        0.12574762105941772
      ],
      [
        0.23811928927898407,
        0.9712273478507996,
        -0.00407995842397213
      ],
      [
        -0.12116774916648865,
        0.03387457877397537,
        0.9920538663864136
      ]
    ],
    "t": [
      [
        -14.17300033569336
      ],
      [
        -30.62624740600586
      ],
      [
        45.32025909423828
      ]
    ]
  },
  {
    "id": 10,
    "image": "84.jpeg",
    "R": [
      [
        0.8717635273933411,
        -0.37889987230300903,
        0.3105854094028473
      ],
      [
        0.3371127247810364,
        0.9239180088043213,
        0.18091590702533722
      ],
      [
        -0.35550445318222046,
        -0.053013596683740616,
        0.933169960975647
      ]
    ],
    "t": [
      [
        -9.355566024780273
      ],
      [
        -30.569242477416992
      ],
      [
        46.103485107421875
      ]
    ]
  },
  {
    "id": 11,
    "image": "85.jpeg",
    "R": [
      [
        0.8894386291503906,
        -0.3511580228805542,
        0.29255253076553345
      ],
      [
        0.3219244182109833,
        0.9356895685195923,
        0.14439427852630615
      ],
      [
        -0.3244435489177704,
        -0.03425005450844765,
        0.9452847838401794
      ]
    ],
    "t": [
      [
        -12.676648139953613
      ],
      [
        -31.080190658569336
      ],
      [
        46.41721725463867
      ]
    ]
  },
  {
    "id": 12,
    "image": "86.jpeg",
    "R": [
      [
        0.9507046937942505,
        -0.2632124125957489,
        0.16395071148872375
      ],
      [
        0.22456011176109314,
        0.9489827752113342,
        0.22136949002742767
      ],
      [
        -0.21385358273983002,
        -0.17364022135734558,
        0.9613093733787537
      ]
    ],
    "t": [
      [
        -10.6915922164917
      ],
      [
        -23.712200164794922
      ],
      [
        36.97134017944336
      ]
    ]
  },
  {
    "id": 13,
    "image": "87.jpeg",
    "R": [
      [
        0.9591741561889648,
        -0.2587162256240845,
        0.11424035578966141
      ],
      [
        0.21987409889698029,
        0.9362184405326843,
        0.27413564920425415
      ],
      [
        -0.177877277135849,
        -0.23782533407211304,
        0.9548815488815308
      ]
    ],
    "t": [
      [
        -5.559535980224609
      ],
      [
        -18.821300506591797
      ],
      [
        28.6657772064209
      ]
    ]
  },
  {
    "id": 14,
    "image": "88.jpeg",
    "R": [
      [
        0.9160664081573486,
        -0.38009437918663025,
        0.12786933779716492
      ],
      [
        0.3047840893268585,
        0.8671067953109741,
        0.3939954936504364
      ],
      [
        -0.26063185930252075,
        -0.32195350527763367,
        0.9101741313934326
      ]
    ],
    "t": [
      [
        5.249300003051758
      ],
      [
        -10.778141975402832
      ],
      [
        17.408653259277344
      ]
    ]
  },
  {
    "id": 15,
    "image": "89.jpeg",
    "R": [
      [
        0.9158592224121094,
        -0.3853495419025421,
        0.11272787302732468
      ],
      [
        0.3367404639720917,
        0.890140950679779,
        0.3070096969604492
      ],
      [
        -0.2186497449874878,
        -0.2432176172733307,
        0.9450066089630127
      ]
    ],
    "t": [
      [
        6.53444766998291
      ],
      [
        -13.538726806640625
      ],
      [
        25.391571044921875
      ]
    ]
  },
  {
    "id": 16,
    "image": "90.jpeg",
    "R": [
      [
        0.8910460472106934,
        -0.40689781308174133,
        0.2011742740869522
      ],
      [
        0.3209197223186493,
        0.8781587481498718,
        0.35475024580955505
      ],
      [
        -0.3210100531578064,
        -0.2515380084514618,
        0.9130614399909973
      ]
    ],
    "t": [
      [
        7.715936660766602
      ],
      [
        -13.567046165466309
      ],
      [
        23.03873062133789
      ]
    ]
  },
  {
    "id": 17,
    "image": "91.jpeg",
    "R": [
      [
        0.8915322422981262,
        -0.3811556100845337,
        0.2447257786989212
      ],
      [
        0.3173207640647888,
        0.9111082553863525,
        0.26303860545158386
      ],
      [
        -0.3232302963733673,
        -0.15685082972049713,
        0.9332309365272522
      ]
    ],
    "t": [
      [
        10.000215530395508
      ],
      [
        -13.562345504760742
      ],
      [
        24.00377655029297
      ]
    ]
  }
]