[
  {
    "id": 0,
    "image": "45.jpeg",
    "R": [
      [
        0.9999971389770508,
        -0.001975633669644594,
        0.0013422841439023614
      ],
      [
        0.0019766283221542835,
        0.9999977946281433,
        -0.0007402130868285894
      ],
      [
        -0.001340818707831204,
        0.0007428641547448933,
        0.9999988079071045
      ]
    ],
    "t": [
      [
        24.00902557373047
      ],
      [
        22.477741241455078
      ],
      [
        -46.21764373779297
      ]
    ]
  },
  {
    "id": 1,
    "image": "46.jpeg",
    "R": [
      [
        0.9817920327186584,
        -0.09954272955656052,
        0.16178883612155914
      ],
      [
        0.09642025083303452,
        0.9949728846549988,
        0.027058007195591927
      ],
      [
        -0.1636689305305481,
        -0.010965616442263126,
        0.9864543676376343
      ]
    ],
    "t": [
      [
        15.976971626281738
      ],
      [
        23.047454833984375
      ],
      [
        -49.556678771972656
      ]
    ]
  },
  {
    "id": 2,
    "image": "48.jpeg",
    "R": [
      [
        0.7096331715583801,
        -0.4138666093349457,
        0.5702062249183655
      ],
      [
        0.35515475273132324,
        0.9090746641159058,
        0.2178265005350113
      ],
      [
        -0.6085111498832703,
        0.04793453961610794,
        0.7920962572097778
      ]
    ],
    "t": [
      [
        -8.537374496459961
      ],
      [
        20.799495697021484
      ],
      [
        -51.73035430908203
      ]
    ]
  },
  {
    "id": 3,
    "image": "49.jpeg",
    "R": [
      [
        0.672714114189148,
        -0.4373980760574341,
        0.5967735648155212
      ],
      [
        0.45743992924690247,
        0.8798055648803711,
        0.1291930228471756
      ],
      [
        -0.5815534591674805,
        0.18607808649539948,
        0.7919409871101379
      ]
    ],
    "t": [
      [
        -6.503098964691162
      ],
      [
        28.17865753173828
      ],
      [
        -50.13198471069336
      ]
    ]
  },
  {
    "id": 4,
    "image": "50.jpeg",
    "R": [
      [
        0.6256796717643738,
        -0.4583595395088196,
        0.6312143206596375
      ],
      [
        0.5291672348976135,
        0.8439123034477234,
        0.0882839560508728
      ],
      [
        -0.5731553435325623,
        0.27878043055534363,
        0.7705675959587097
      ]
    ],
    "t": [
      [
        -6.368687152862549
      ],
      [
        32.4577751159668
      ],
      [
        -49.6585578918457
      ]
    ]
  },
  {
    "id": 5,
    "image": "51.jpeg",
    "R": [
      [
        0.6114776730537415,
        -0.5391995906829834,
        0.5791017413139343
      ],
      [
        0.444648414850235,
        0.8395403027534485,
        0.3121855854988098
      ],
      [
        -0.6545096039772034,
        0.06660213321447372,
        0.7531144022941589
      ]
    ],
    "t": [
      [
        -4.245469570159912
      ],
      [
        -16.33497428894043
      ],
      [
        38.805728912353516
      ]
    ]
  },
  {
    "id": 6,
    "image": "55.jpeg",
    "R": [
      [
        0.478180855512619,
        -0.8101465702056885,
        0.3391247093677521
      ],
      [
        0.4333305060863495,
        0.5534937381744385,
        0.7112449407577515
      ],
      [
        -0.7639160752296448,
        -0.1931506246328354,
        0.6157313585281372
      ]
    ],
    "t": [
      [
        1.310341238975525
      ],
      [
        -13.182011604309082
      ],
      [
        36.424461364746094
      ]
    ]
  },
  {
    "id": 7,
    "image": "56.jpeg",
    "R": [
      [
        0.35964787006378174,
        -0.8232364654541016,
        0.4392438530921936
      ],
      [
        0.6111173629760742,
        0.563547670841217,
        0.5558323264122009
      ],
      [
        -0.7051162719726562,
        0.06852563470602036,
        0.7057728171348572
      ]
    ],
    "t": [
      [
        4.973876953125
      ],
      [
        -8.865188598632812
      ],
      [
        28.829275131225586
      ]
    ]
  },
  {
    "id": 8,
    "image": "58.jpeg",
    "R": [
      [
        0.4294252097606659,
        -0.809650719165802,
        0.40007463097572327
      ],
      [
        0.5556777715682983,
        0.5860976576805115,
        0.5896708965301514
      ],
      [
        -0.7119102478027344,
        -0.030906962230801582,
        0.7015900015830994
      ]
    ],
    "t": [
      [
        3.1541647911071777
      ],
      [
        -10.108428955078125
      ],
      [
        31.190519332885742
      ]
    ]
  },
  {
    "id": 9,
    "image": "59.jpeg",
    "R": [
      [
        0.5969117283821106,
        -0.6495103240013123,
        0.47099125385284424
      ],
      [
        0.5097189545631409,
        0.7603527307510376,
        0.4025546908378601
      ],
      [
        -0.6195828914642334,
        -0.00021642734645865858,
        0.7849311828613281
      ]
    ],
    "t": [
      [
        -5.788488388061523
      ],
      [
        -23.99893569946289
      ],
      [
        50.521636962890625
      ]
    ]
  },
  {
    "id": 10,
    "image": "60.jpeg",
    "R": [
      [
        0.4479270577430725,
        -0.7748340368270874,
        0.44608694314956665
      ],
      [
        0.5945189595222473,
        0.630778431892395,
        0.49866393208503723
      ],
      [
        -0.6677638292312622,
        0.04184208810329437,
        0.7431962490081787
      ]
    ],
    "t": [
      [
        0.06258627027273178
      ],
      [
        -15.71591854095459
      ],
      [
        37.56211471557617
      ]
    ]
  },
  {
    "id": 11,
    "image": "61.jpeg",
    "R": [
      [
        0.4067760705947876,
        -0.7906734347343445,
        0.45756828784942627
      ],
      [
        0.6037395000457764,
        0.6085827946662903,
        0.5149034857749939
      ],
      [
        -0.6855887174606323,
        0.06680164486169815,
        0.7249177098274231
      ]
    ],
    "t": [
      [
        0.13384780287742615
      ],
      [
        -9.920122146606445
      ],
      [
        29.2591552734375
      ]
    ]
  },
  {
    "id": 12,
    "image": "62.jpeg",
    "R": [
      [
        0.3084121644496918,
        -0.9046319127082825,
        0.29414790868759155
      ],
      [
        0.6097380518913269,
        0.42534297704696655,
        0.6688070893287659
      ],
      [
        -0.7301380038261414,
        -0.026915067806839943,
        0.6827694177627563
      ]
    ],
    "t": [
      [
        -0.4613165557384491
      ],
      [
        -7.08066463470459
      ],
      [
        32.393341064453125
      ]
    ]
  },
  {
    "id": 13,
    "image": "63.jpeg",
    "R": [
      [
        0.2034861147403717,
        -0.9781576991081238,
        -0.04243653267621994
      ],
      [
        0.5956283807754517,
        0.08927569538354874,
        0.798283576965332
      ],
      [
        -0.7770587205886841,
        -0.1877160370349884,
        0.6007848381996155
      ]
    ],
    "t": [
      [
        -14.937565803527832
      ],
      [
        -6.537022590637207
      ],
      [
        50.74639892578125
      ]
    ]
  },
  {
    "id": 14,
    "image": "65.jpeg",
    "R": [
      [
        0.25390341877937317,
        -0.9665575623512268,
        -0.03604893758893013
      ],
      [
        0.6660043001174927,
        0.14768122136592865,
        0.7311829328536987
      ],
      [
        -0.7014066576957703,
        -0.20965860784053802,
        0.6812282800674438
      ]
    ],
    "t": [
      [
        -49.74291229248047
      ],
      [
        -29.751665115356445
      ],
      [
        94.4940414428711
      ]
    ]
  }
]