[
  {
    "id": 0,
    "image": "1.jpeg",
    "R": [
      [
        0.9999209642410278,
        -0.0036672211717814207,
        0.012026493437588215
      ],
      [
        0.003646315075457096,
        0.999991774559021,
        0.0017598062986508012
      ],
      [
        -0.012032848782837391,
        -0.0017158148111775517,
        0.9999261498451233
      ]
    ],
    "t": [
      [
        37.89921951293945
      ],
      [
        33.83861541748047
      ],
      [
        -50.74814987182617
      ]
    ]
  },
  {
    "id": 1,
    "image": "2.jpeg",
    "R": [
      [
        0.8883804678916931,
        -0.2197478711605072,
        0.40310174226760864
      ],
      [
        0.17939524352550507,
        0.974358856678009,
        0.13580209016799927
      ],
      [
        -0.42260798811912537,
        -0.04832938686013222,
        0.9050230979919434
      ]
    ],
    "t": [
      [
        13.31407642364502
      ],
      [
        33.38895797729492
      ],
      [
        -63.821773529052734
      ]
    ]
  },
  {
    "id": 2,
    "image": "3.jpeg",
    "R": [
      [
        0.9294080138206482,
        0.11512813717126846,
        0.35063692927360535
      ],
      [
        -0.30144548416137695,
        0.7849417924880981,
        0.5412920117378235
      ],
      [
        -0.21291163563728333,
        -0.6087790131568909,
        0.7642360329627991
      ]
    ],
    "t": [
      [
        39.41819763183594
      ],
      [
        -7.472135066986084
      ],
      [
        -73.05464935302734
      ]
    ]
  },
  {
    "id": 3,
    "image": "4.jpeg",
    "R": [
      [
        0.910490095615387,
        0.060362543910741806,
        0.40910160541534424
      ],
      [
        -0.3284462094306946,
        0.7066434025764465,
        0.6267201900482178
      ],
      [
        -0.25125852227211,
        -0.7049903869628906,
        0.6632176637649536
      ]
    ],
    "t": [
      [
        46.025150299072266
      ],
      [
        -4.103157997131348
      ],
      [
        -86.79664611816406
      ]
    ]
  },
  {
    "id": 4,
    "image": "5.jpeg",
    "R": [
      [
        0.899852991104126,
        0.3696460425853729,
        0.23157380521297455
      ],
      [
        -0.4322359263896942,
        0.6842980980873108,
        0.5872889161109924
      ],
      [
        0.058623507618904114,
        -0.628568172454834,
        0.7755419611930847
      ]
    ],
    "t": [
      [
        65.27154541015625
      ],
      [
        -9.19551944732666
      ],
      [
        -73.741943359375
      ]
    ]
  },
  {
    "id": 5,
    "image": "6.jpeg",
    "R": [
      [
        0.9142142534255981,
        0.37409576773643494,
        0.15577109158039093
      ],
      [
        -0.3946995139122009,
        0.7349703907966614,
        0.5513898730278015
      ],
      [
        0.0917854756116867,
        -0.5655712485313416,
        0.819575846195221
      ]
    ],
    "t": [
      [
        70.5760498046875
      ],
      [
        -7.148214817047119
      ],
      [
        -67.54208374023438
      ]
    ]
  },
  {
    "id": 6,
    "image": "7.jpeg",
    "R": [
      [
        0.833877682685852,
        0.5470342040061951,
        -0.07349548488855362
      ],
      [
        -0.4718858599662781,
        0.7756412029266357,
        0.41917121410369873
      ],
      [
        0.28630712628364563,
        -0.31485602259635925,
        0.9049275517463684
      ]
    ],
    "t": [
      [
        -7.560109615325928
      ],
      [
        -25.12385368347168
      ],
      [
        47.332298278808594
      ]
    ]
  }
]