[
  {
    "id": 0,
    "image": "26.jpeg",
    "R": [
      [
        0.9999982714653015,
        0.001556847826577723,
        -0.0010225062724202871
      ],
      [
        -0.0015567757654935122,
        0.9999988079071045,
        7.123628893168643e-05
      ],
      [
        0.001022615935653448,
        -6.964435306144878e-05,
        0.999999463558197
      ]
    ],
    "t": [
      [
        28.386096954345703
      ],
      [
        33.29973602294922
      ],
      [
        -64.87315368652344
      ]
    ]
  },
  {
    "id": 1,
    "image": "27.jpeg",
    "R": [
      [
        0.8350576758384705,
        -0.24797603487968445,
        0.4911074936389923
      ],
      [
        0.17591311037540436,
        0.9661459922790527,
        0.1887233704328537
      ],
      [
        -0.5212804079055786,
        -0.07120265066623688,
        0.8504098653793335
      ]
    ],
    "t": [
      [
        -7.828125953674316
      ],
      [
        25.622610092163086
      ],
      [
        -73.51131439208984
      ]
    ]
  },
  {
    "id": 2,
    "image": "30.jpeg",
    "R": [
      [
        0.6366298794746399,
        -0.34224507212638855,
        0.6910648941993713
      ],
      [
        0.2410416454076767,
        0.9395376443862915,
        0.24324461817741394
      ],
      [
        -0.7325307726860046,
        0.011718624271452427,
        0.6806330680847168
      ]
    ],
    "t": [
      [
        -18.068443298339844
      ],
      [
        24.885150909423828
      ],
      [
        -69.93997955322266
      ]
    ]
  },
  {
    "id": 3,
    "image": "31.jpeg",
    "R": [
      [
        0.5559968948364258,
        -0.3365887403488159,
        0.7599838376045227
      ],
      [
        0.20797967910766602,
        0.9415898323059082,
        0.2648641765117645
      ],
      [
        -0.8047433495521545,
        0.010797536931931973,
        0.5935246348381042
      ]
    ],
    "t": [
      [
        -20.2076416015625
      ],
      [
        24.38180923461914
      ],
      [
        -70.04846954345703
      ]
    ]
  }
]