[
  {
    "id": 0,
    "image": "10.jpeg",
    "R": [
      [
        0.9999999403953552,
        -0.0002527647593524307,
        0.00015421700663864613
      ],
      [
        0.00025274138897657394,
        0.9999999403953552,
        0.0001514879841124639
      ],
      [
        -0.00015425529272761196,
        -0.0001514489995315671,
        1.0
      ]
    ],
    "t": [
      [
        54.40261459350586
      ],
      [
        50.86297607421875
      ],
      [
        -92.86726379394531
      ]
    ]
  },
  {
    "id": 1,
    "image": "11.jpeg",
    "R": [
      [
        0.9917323589324951,
        0.07470930367708206,
        -0.10433336347341537
      ],
      [
        -0.06998462975025177,
        0.9963810443878174,
        0.04823874682188034
      ],
      [
        0.1075596734881401,
        -0.04053819552063942,
        0.993371844291687
      ]
    ],
    "t": [
      [
        77.55802917480469
      ],
      [
        52.14621353149414
      ],
      [
        -103.98464965820312
      ]
    ]
  },
  {
    "id": 2,
    "image": "12.jpeg",
    "R": [
      [
        0.9970465898513794,
        0.06627901643514633,
        0.03879750147461891
      ],
      [
        -0.07660925388336182,
        0.8938652873039246,
        0.4417419135570526
      ],
      [
        -0.0054015195928514,
        -0.4434095025062561,
        0.8963028788566589
      ]
    ],
    "t": [
      [
        69.95285034179688
      ],
      [
        7.7068023681640625
      ],
      [
        -121.56071472167969
      ]
    ]
  },
  {
    "id": 3,
    "image": "13.jpeg",
    "R": [
      [
        0.9645649194717407,
        0.14594291150569916,
        -0.21980726718902588
      ],
      [
        -0.11147276312112808,
        0.9805001616477966,
        0.16184332966804504
      ],
      [
        0.23914095759391785,
        -0.13160587847232819,
        0.9620246887207031
      ]
    ],
    "t": [
      [
        104.61567687988281
      ],
      [
        37.888057708740234
      ],
      [
        -99.56232452392578
      ]
    ]
  },
  {
    "id": 4,
    "image": "14.jpeg",
    "R": [
      [
        0.9878448843955994,
        0.049299683421850204,
        0.14741775393486023
      ],
      [
        -0.12629985809326172,
        0.8074052333831787,
        0.5763203501701355
      ],
      [
        -0.090613454580307,
        -0.5879339575767517,
        0.8038176894187927
      ]
    ],
    "t": [
      [
        73.82674407958984
      ],
      [
        -11.249541282653809
      ],
      [
        -127.94114685058594
      ]
    ]
  },
  {
    "id": 5,
    "image": "15.jpeg",
    "R": [
      [
        0.9964914321899414,
        0.07973098009824753,
        -0.02545279450714588
      ],
      [
        -0.07110204547643661,
        0.9668881297111511,
        0.24509547650814056
      ],
      [
        0.044151708483695984,
        -0.24242578446865082,
        0.9691647887229919
      ]
    ],
    "t": [
      [
        98.23863220214844
      ],
      [
        34.182945251464844
      ],
      [
        -122.08245849609375
      ]
    ]
  },
  {
    "id": 6,
    "image": "16.jpeg",
    "R": [
      [
        0.980658769607544,
        0.014425937086343765,
        0.19519300758838654
      ],
      [
        -0.14310941100120544,
        0.733183741569519,
        0.6648017168045044
      ],
      [
        -0.1335219442844391,
        -0.6798775792121887,
        0.7210675477981567
      ]
    ],
    "t": [
      [
        -7.318719863891602
      ],
      [
        -35.3183708190918
      ],
      [
        62.9986457824707
      ]
    ]
  },
  {
    "id": 7,
    "image": "17.jpeg",
    "R": [
      [
        0.9585133194923401,
        -0.07958542555570602,
        0.27371224761009216
      ],
      [
        -0.14519651234149933,
        0.6900048851966858,
        0.70909184217453
      ],
      [
        -0.2452961653470993,
        -0.7194160223007202,
        0.6498233079910278
      ]
    ],
    "t": [
      [
        -1.367153525352478
      ],
      [
        -36.435001373291016
      ],
      [
        65.38896179199219
      ]
    ]
  }
]