[
  {
    "id": 0,
    "wall": "wall_A",
    "local_id": 0,
    "image": "1.jpeg",
    "R": [
      [
        0.9999209642410278,
        -0.0036672211717814207,
        0.012026493437588215
      ],
      [
        0.003646315075457096,
        0.999991774559021,
        0.0017598062986508012
      ],
      [
        -0.012032848782837391,
        -0.0017158148111775517,
        0.9999261498451233
      ]
    ],
    "t": [
      [
        37.89922027921305
      ],
      [
        33.838613447914895
      ],
      [
        -50.74815183650066
      ]
    ],
    "center": [
      -38.63025596897862,
      -33.78642471795618,
      50.22905994856691
    ]
  },
  {
    "id": 1,
    "wall": "wall_A",
    "local_id": 1,
    "image": "2.jpeg",
    "R": [
      [
        0.8883804678916931,
        -0.2197478711605072,
        0.40310174226760864
      ],
      [
        0.17939524352550507,
        0.974358856678009,
        0.13580209016799927
      ],
      [
        -0.42260798811912537,
        -0.04832938686013222,
        0.9050230979919434
      ]
    ],
    "t": [
      [
        13.3140774960772
      ],
      [
        33.38895951474539
      ],
      [
        -63.821776886381656
      ]
    ],
    "center": [
      -44.78937964686375,
      -32.69155557746964,
      47.858963911071925
    ]
  },
  {
    "id": 2,
    "wall": "wall_A",
    "local_id": 2,
    "image": "3.jpeg",
    "R": [
      [
        0.9294080138206482,
        0.11512813717126846,
        0.35063692927360535
      ],
      [
        -0.30144548416137695,
        0.7849417924880981,
        0.5412920117378235
      ],
      [
        -0.21291163563728333,
        -0.6087790131568909,
        0.7642360329627991
      ]
    ],
    "t": [
      [
        39.418197470188
      ],
      [
        -7.472136640379198
      ],
      [
        -73.05464692431936
      ]
    ],
    "center": [
      -54.44221483399766,
      -43.14708717828894,
      46.05412571054321
    ]
  },
  {
    "id": 3,
    "wall": "wall_A",
    "local_id": 3,
    "image": "4.jpeg",
    "R": [
      [
        0.910490095615387,
        0.060362543910741806,
        0.40910160541534424
      ],
      [
        -0.3284462094306946,
        0.7066434025764465,
        0.6267201900482178
      ],
      [
        -0.25125852227211,
        -0.7049903869628906,
        0.6632176637649536
      ]
    ],
    "t": [
      [
        46.02514892990911
      ],
      [
        -4.103157947569223
      ],
      [
        -86.79664259929949
      ]
    ],
    "center": [
      -65.06150508216038,
      -61.06952423306103,
      41.30763613934137
    ]
  },
  {
    "id": 4,
    "wall": "wall_A",
    "local_id": 4,
    "image": "5.jpeg",
    "R": [
      [
        0.899852991104126,
        0.3696460425853729,
        0.23157380521297455
      ],
      [
        -0.4322359263896942,
        0.6842980980873108,
        0.5872889161109924
      ],
      [
        0.058623507618904114,
        -0.628568172454834,
        0.7755419611930847
      ]
    ],
    "t": [
      [
        65.27154682952818
      ],
      [
        -9.195519022028678
      ],
      [
        -73.7419428933413
      ]
    ],
    "center": [
      -58.386418980624,
      -64.1867310789973,
      47.4752169417649
    ]
  },
  {
    "id": 5,
    "wall": "wall_A",
    "local_id": 5,
    "image": "6.jpeg",
    "R": [
      [
        0.9142142534255981,
        0.37409576773643494,
        0.15577109158039093
      ],
      [
        -0.3946995139122009,
        0.7349703907966614,
        0.5513898730278015
      ],
      [
        0.0917854756116867,
        -0.5655712485313416,
        0.819575846195221
      ]
    ],
    "t": [
      [
        70.5760480095547
      ],
      [
        -7.148216271479302
      ],
      [
        -67.5420821346984
      ]
    ],
    "center": [
      -61.14364439593949,
      -59.348333278717455,
      48.30360514376038
    ]
  },
  {
    "id": 6,
    "wall": "wall_A",
    "local_id": 6,
    "image": "7.jpeg",
    "R": [
      [
        0.833877682685852,
        0.5470342040061951,
        -0.07349548488855362
      ],
      [
        -0.4718858599662781,
        0.7756412029266357,
        0.41917121410369873
      ],
      [
        0.28630712628364563,
        -0.31485602259635925,
        0.9049275517463684
      ]
    ],
    "t": [
      [
        -7.560108359993682
      ],
      [
        -25.123855169562717
      ],
      [
        47.332296409719
      ]
    ],
    "center": [
      -19.10296012774422,
      38.525593692699985,
      -32.85673606391708
    ]
  },
  {
    "id": 7,
    "wall": "wall_B",
    "local_id": 0,
    "image": "10.jpeg",
    "R": [
      [
        0.27220681159814686,
        -0.4648321256940676,
        -0.8425168072401974
      ],
      [
        -0.12135721619264345,
        0.8520040509069006,
        -0.509275476996979
      ],
      [
        0.9545553133586142,
        0.24087374240149717,
        0.17551058309622805
      ]
    ],
    "t": [
      [
        -60.862485642123175
      ],
      [
        37.29806046840599
      ],
      [
        95.94675129127448
      ]
    ],
    "center": [
      -70.49290929417256,
      -83.17999024090018,
      -49.1223498131147
    ]
  },
  {
    "id": 8,
    "wall": "wall_B",
    "local_id": 1,
    "image": "11.jpeg",
    "R": [
      [
        0.21186140934695516,
        -0.4087201171629723,
        -0.8877289252789594
      ],
      [
        -0.23505434815577453,
        0.8603743423268216,
        -0.4522228054470948
      ],
      [
        0.9486117225496176,
        0.3044730987448923,
        0.0862086881741717
      ]
    ],
    "t": [
      [
        -73.65218722480483
      ],
      [
        41.447869956804674
      ],
      [
        112.01392971250384
      ]
    ],
    "center": [
      -80.91116857205506,
      -99.86904272892346,
      -56.29607891559696
    ]
  },
  {
    "id": 9,
    "wall": "wall_B",
    "local_id": 2,
    "image": "12.jpeg",
    "R": [
      [
        0.3115561310208544,
        -0.023941760291365907,
        -0.9499260962996411
      ],
      [
        -0.18380349827301218,
        0.9792840217977832,
        -0.08496542923185094
      ],
      [
        0.9322816676169609,
        0.20107123997502216,
        0.3007013507865015
      ]
    ],
    "t": [
      [
        -40.870026174161396
      ],
      [
        77.15550561456787
      ],
      [
        110.73612483261267
      ]
    ],
    "center": [
      -76.32250005186471,
      -98.80150414196136,
      -65.56645608517233
    ]
  },
  {
    "id": 10,
    "wall": "wall_B",
    "local_id": 3,
    "image": "13.jpeg",
    "R": [
      [
        0.11289834284831128,
        -0.3052243890322264,
        -0.9455643997426442
      ],
      [
        -0.33411861597966036,
        0.8845684128743877,
        -0.3254281689711848
      ],
      [
        0.9357450363374963,
        0.35267095562773465,
        -0.0021148415326224493
      ]
    ],
    "t": [
      [
        -85.11083089152142
      ],
      [
        41.29491787736625
      ],
      [
        116.25185463617346
      ]
    ],
    "center": [
      -85.3758233665525,
      -103.5047339934856,
      -66.79338796046345
    ]
  },
  {
    "id": 11,
    "wall": "wall_B",
    "local_id": 4,
    "image": "14.jpeg",
    "R": [
      [
        0.4039422539058003,
        0.133391228160161,
        -0.9050068767470976
      ],
      [
        -0.18160959085864192,
        0.9813132851132488,
        0.0635782955957457
      ],
      [
        0.8965760313267188,
        0.13867597074500285,
        0.4206190335536387
      ]
    ],
    "t": [
      [
        -31.515987225961844
      ],
      [
        88.11474839847615
      ],
      [
        115.68497935898607
      ]
    ],
    "center": [
      -74.98725735841225,
      -98.30694378830803,
      -82.7836749016416
    ]
  },
  {
    "id": 12,
    "wall": "wall_B",
    "local_id": 5,
    "image": "15.jpeg",
    "R": [
      [
        0.2670967511072693,
        -0.22355431263242237,
        -0.9373808275895392
      ],
      [
        -0.20428610193615443,
        0.9374772123096229,
        -0.2817864832218608
      ],
      [
        0.9417677860091606,
        0.2667581137334325,
        0.2047280806202792
      ]
    ],
    "t": [
      [
        -79.35346142242096
      ],
      [
        57.24983507562365
      ],
      [
        127.91845821403386
      ]
    ],
    "center": [
      -87.57908580280443,
      -105.53351094003867,
      -84.44068407531655
    ]
  },
  {
    "id": 13,
    "wall": "wall_B",
    "local_id": 6,
    "image": "16.jpeg",
    "R": [
      [
        0.44595074597130857,
        0.23586512132302978,
        -0.8634208770884071
      ],
      [
        -0.17319841238976774,
        0.9691614800348685,
        0.1752950681012412
      ],
      [
        0.8781402380281228,
        0.07137015789543678,
        0.47304975369672336
      ]
    ],
    "t": [
      [
        8.470361250443029
      ],
      [
        -72.59305840056264
      ],
      [
        -3.880254292171639
      ]
    ],
    "center": [
      -12.94295895603943,
      68.63346749726803,
      21.874245193309633
    ]
  },
  {
    "id": 14,
    "wall": "wall_B",
    "local_id": 7,
    "image": "17.jpeg",
    "R": [
      [
        0.5350616337832375,
        0.2636598954319461,
        -0.8026160178971652
      ],
      [
        -0.1153461900739587,
        0.9639544827584762,
        0.23976450715640735
      ],
      [
        0.8369016214962107,
        -0.03571007434629753,
        0.5461872166771957
      ]
    ],
    "t": [
      [
        11.162048832440849
      ],
      [
        -74.55214766600886
      ],
      [
        3.6233934028375763
      ]
    ],
    "center": [
      -17.604114093912816,
      69.05128396175469,
      24.854746970437326
    ]
  },
  {
    "id": 15,
    "wall": "wall_C",
    "local_id": 0,
    "image": "26.jpeg",
    "R": [
      [
        0.2571334688941579,
        -0.33122372723872867,
        0.9078398586712036
      ],
      [
        -0.7463185264392074,
        -0.6648578983753319,
        -0.03118747346019655
      ],
      [
        0.6139145286567133,
        -0.6695183805715437,
        -0.4181556052684055
      ]
    ],
    "t": [
      [
        18.31401461717154
      ],
      [
        72.94611887224298
      ],
      [
        -22.766602508425105
      ]
    ],
    "center": [
      63.70864188637455,
      39.3221806276839,
      -23.871169747218644
    ]
  },
  {
    "id": 16,
    "wall": "wall_C",
    "local_id": 1,
    "image": "27.jpeg",
    "R": [
      [
        -0.3181984162351241,
        -0.44840004811118467,
        0.8352767101048305
      ],
      [
        -0.7241776225587719,
        -0.4536393998420322,
        -0.5194016527063412
      ],
      [
        0.6118141441119903,
        -0.7701614775475808,
        -0.18037394687919153
      ]
    ],
    "t": [
      [
        62.10640469086345
      ],
      [
        47.553980503045075
      ],
      [
        -6.409791784636266
      ]
    ],
    "center": [
      58.12128942924512,
      44.48429931526913,
      -28.33257676344555
    ]
  },
  {
    "id": 17,
    "wall": "wall_C",
    "local_id": 2,
    "image": "30.jpeg",
    "R": [
      [
        -0.5823700100411647,
        -0.3883784594798331,
        0.714148003951789
      ],
      [
        -0.6123743150119779,
        -0.36817588018539954,
        -0.6996028957711714
      ],
      [
        0.53464276008467,
        -0.8447536293087663,
        -0.02341841834424294
      ]
    ],
    "t": [
      [
        70.81648867845192
      ],
      [
        24.40931023341844
      ],
      [
        15.59224429061733
      ]
    ],
    "center": [
      47.85275333340447,
      49.66212301218339,
      -33.13148421379116
    ]
  },
  {
    "id": 18,
    "wall": "wall_C",
    "local_id": 3,
    "image": "31.jpeg",
    "R": [
      [
        -0.657603069237552,
        -0.3884490812659433,
        0.6454962859924747
      ],
      [
        -0.5278686009928479,
        -0.3737356176173118,
        -0.7626771371767725
      ],
      [
        0.5375061823394233,
        -0.842276070313718,
        0.04071961169782415
      ]
    ],
    "t": [
      [
        71.43379397162104
      ],
      [
        16.814031507116017
      ],
      [
        22.868020717920064
      ]
    ],
    "center": [
      43.55897893798388,
      53.29358071570822,
      -34.21774821271721
    ]
  },
  {
    "id": 19,
    "wall": "wall_D",
    "local_id": 0,
    "image": "32.jpeg",
    "R": [
      [
        0.823804623840161,
        -0.4177265499839355,
        0.3832107401523295
      ],
      [
        -0.004365660752059432,
        0.6713119447470214,
        0.7411620912951955
      ],
      [
        -0.5668570080562577,
        -0.6122457313605982,
        0.5512062349921094
      ]
    ],
    "t": [
      [
        -6.427580305516199
      ],
      [
        -41.20330334058677
      ],
      [
        -10.978799355281943
      ]
    ],
    "center": [
      -1.1082186230460929,
      18.25357570906692,
      39.053026935803764
    ]
  },
  {
    "id": 20,
    "wall": "wall_D",
    "local_id": 1,
    "image": "33.jpeg",
    "R": [
      [
        0.7572314167652396,
        -0.4414654889350047,
        0.48136141338237703
      ],
      [
        -0.0719647402666919,
        0.6761082727774571,
        0.7332794253796046
      ],
      [
        -0.6491699670764659,
        -0.5899032843517025,
        0.48020046971172914
      ]
    ],
    "t": [
      [
        -3.6253159736313645
      ],
      [
        -32.66090380470153
      ],
      [
        -7.812462380414652
      ]
    ],
    "center": [
      -4.676846254526131,
      15.873258152823654,
      29.446204099995313
    ]
  },
  {
    "id": 21,
    "wall": "wall_E",
    "local_id": 0,
    "image": "45.jpeg",
    "R": [
      [
        0.5173384139935424,
        0.10611807857654376,
        -0.8491760063345873
      ],
      [
        0.8557463460671881,
        -0.055231285236615225,
        0.5144391847495708
      ],
      [
        0.007690215596479423,
        -0.9928184641549705,
        -0.11938341977680444
      ]
    ],
    "t": [
      [
        50.65653214965537
      ],
      [
        43.024449466805706
      ],
      [
        19.08150019505762
      ]
    ],
    "center": [
      -63.17132627389122,
      15.945187499007018,
      23.160863705359077
    ]
  },
  {
    "id": 22,
    "wall": "wall_E",
    "local_id": 1,
    "image": "46.jpeg",
    "R": [
      [
        0.6560676836251828,
        0.06518289934887433,
        -0.7518818838492902
      ],
      [
        0.7517455065949801,
        -0.1445401862399696,
        0.6434180653807741
      ],
      [
        -0.06673729780638181,
        -0.9873496671111048,
        -0.14382909496772475
      ]
    ],
    "t": [
      [
        57.91299278685399
      ],
      [
        35.271945220669906
      ],
      [
        12.856749685323127
      ]
    ],
    "center": [
      -63.65234462540459,
      14.017384273358635,
      22.698298031296666
    ]
  },
  {
    "id": 23,
    "wall": "wall_E",
    "local_id": 2,
    "image": "48.jpeg",
    "R": [
      [
        0.9215430851808333,
        -0.15631419979998823,
        -0.3554211555682692
      ],
      [
        0.2763631647236348,
        -0.3789100926579735,
        0.8832046900062933
      ],
      [
        -0.27273008531374093,
        -0.9121365292382914,
        -0.30598248590748645
      ]
    ],
    "t": [
      [
        66.7460022782248
      ],
      [
        0.929601333985211
      ],
      [
        -5.400401945267845
      ]
    ],
    "center": [
      -63.23907651281506,
      5.859679376715884,
      21.249484589164457
    ]
  },
  {
    "id": 24,
    "wall": "wall_E",
    "local_id": 3,
    "image": "49.jpeg",
    "R": [
      [
        0.8906081135994357,
        -0.28900342679389146,
        -0.3511327354429442
      ],
      [
        0.253061159131433,
        -0.3265854179654317,
        0.9106602394620815
      ],
      [
        -0.3778587459597474,
        -0.8998994095346085,
        -0.2177240966067271
      ]
    ],
    "t": [
      [
        64.54657346381785
      ],
      [
        -1.3706052001955236
      ],
      [
        -19.22959372408298
      ]
    ],
    "center": [
      -64.40492526114258,
      0.9018612087828828,
      19.72582464194699
    ]
  },
  {
    "id": 25,
    "wall": "wall_E",
    "local_id": 4,
    "image": "50.jpeg",
    "R": [
      [
        0.8669322776265359,
        -0.38246497076298674,
        -0.31960757567159503
      ],
      [
        0.21321687536808073,
        -0.29502495022570296,
        0.9313961862470245
      ],
      [
        -0.45051864782251627,
        -0.8756031045590195,
        -0.1742186478572513
      ]
    ],
    "t": [
      [
        61.68779218749429
      ],
      [
        -3.5089865605325485
      ],
      [
        -29.048937111434117
      ]
    ],
    "center": [
      -65.81805090083613,
      -2.877158468851995,
      17.92327586440591
    ]
  },
  {
    "id": 26,
    "wall": "wall_E",
    "local_id": 5,
    "image": "51.jpeg",
    "R": [
      [
        0.9196297406860395,
        -0.24434162602592285,
        -0.30753581214752534
      ],
      [
        0.16385445172710544,
        -0.472932779438254,
        0.8657287584341503
      ],
      [
        -0.35697736323943174,
        -0.8465410318540882,
        -0.3948865794070254
      ]
    ],
    "t": [
      [
        -18.547649694771366
      ],
      [
        8.898692992406536
      ],
      [
        36.15478645155002
      ]
    ],
    "center": [
      28.505320153738538,
      30.283030954046254,
      0.8691190027319546
    ]
  },
  {
    "id": 27,
    "wall": "wall_E",
    "local_id": 6,
    "image": "55.jpeg",
    "R": [
      [
        0.9426030438192574,
        -0.19423856335458467,
        -0.27160800813074026
      ],
      [
        -0.005862699844046332,
        -0.8229050489893308,
        0.5681486446231244
      ],
      [
        -0.3338639822012929,
        -0.5339462595282634,
        -0.7768115908406135
      ]
    ],
    "t": [
      [
        -15.414365784782522
      ],
      [
        30.321670545653138
      ],
      [
        19.018717620713545
      ]
    ],
    "center": [
      21.05705976167197,
      32.11276465535509,
      -6.639920919930264
    ]
  },
  {
    "id": 28,
    "wall": "wall_E",
    "local_id": 7,
    "image": "56.jpeg",
    "R": [
      [
        0.8506339453860507,
        -0.4222791118191245,
        -0.3132127648480414
      ],
      [
        -0.08679870558584726,
        -0.7003538453294255,
        0.7084987647728636
      ],
      [
        -0.5185439754142791,
        -0.5754866297572215,
        -0.6323980322724934
      ]
    ],
    "t": [
      [
        -5.949993601871968
      ],
      [
        16.199988540795765
      ],
      [
        24.237209620366354
      ]
    ],
    "center": [
      19.03546359792272,
      22.781356334454912,
      1.9862778543368087
    ]
  },
  {
    "id": 29,
    "wall": "wall_E",
    "local_id": 8,
    "image": "58.jpeg",
    "R": [
      [
        0.8864369599865113,
        -0.3283420361325042,
        -0.32622232920200017
      ],
      [
        -0.02752905587568894,
        -0.7409667638682157,
        0.6709771979852429
      ],
      [
        -0.46202993904304196,
        -0.5857983901050298,
        -0.6658592933948597
      ]
    ],
    "t": [
      [
        -9.826735263342794
      ],
      [
        19.332336870716787
      ],
      [
        23.768788393589755
      ]
    ],
    "center": [
      20.22487416796868,
      25.02180679991615,
      -0.3505890454718479
    ]
  },
  {
    "id": 30,
    "wall": "wall_E",
    "local_id": 9,
    "image": "59.jpeg",
    "R": [
      [
        0.8894461169711827,
        -0.2530128114765804,
        -0.3806180569615826
      ],
      [
        0.1657955928535925,
        -0.5974435331586679,
        0.7845846410976474
      ],
      [
        -0.4259077481232878,
        -0.7609505403777903,
        -0.48944543906138216
      ]
    ],
    "t": [
      [
        -27.623696575403567
      ],
      [
        18.68628620324089
      ],
      [
        43.336739269679676
      ]
    ],
    "center": [
      39.92913878943995,
      37.15196688243362,
      -3.964081491507091
    ]
  },
  {
    "id": 31,
    "wall": "wall_E",
    "local_id": 10,
    "image": "60.jpeg",
    "R": [
      [
        0.8626543789596893,
        -0.36738326704761126,
        -0.3476448492461519
      ],
      [
        0.008882404246594014,
        -0.676215505454391,
        0.7366502980987255
      ],
      [
        -0.5057158285795014,
        -0.6385625266015224,
        -0.5800770118307931
      ]
    ],
    "t": [
      [
        -11.474515433341027
      ],
      [
        19.475210743507827
      ],
      [
        33.54007980113375
      ]
    ],
    "center": [
      26.68730353765368,
      30.37133260929152,
      1.1203532798709794
    ]
  },
  {
    "id": 32,
    "wall": "wall_E",
    "local_id": 11,
    "image": "61.jpeg",
    "R": [
      [
        0.8575620832352758,
        -0.3991585772224609,
        -0.3244375819298685
      ],
      [
        -0.036011011020572796,
        -0.6757753440976982,
        0.7362274624814296
      ],
      [
        -0.513118432251097,
        -0.6196773940156648,
        -0.5938934270134555
      ]
    ],
    "t": [
      [
        -4.2204168189715885
      ],
      [
        14.360491533502547
      ],
      [
        28.085377850887305
      ]
    ],
    "center": [
      18.54753031029925,
      25.42372429130144,
      4.737871231651333
    ]
  },
  {
    "id": 33,
    "wall": "wall_E",
    "local_id": 12,
    "image": "62.jpeg",
    "R": [
      [
        0.84531153071008,
        -0.3980677826710262,
        -0.356357220051496
      ],
      [
        -0.14345235366528036,
        -0.8116054855732455,
        0.566319619143827
      ],
      [
        -0.5146551253144852,
        -0.4275962379105531,
        -0.7431632481788604
      ]
    ],
    "t": [
      [
        -4.679325864472729
      ],
      [
        21.450359667230604
      ],
      [
        26.131794106452624
      ]
    ],
    "center": [
      20.481454460968443,
      26.72039755194992,
      5.604917914869825
    ]
  },
  {
    "id": 34,
    "wall": "wall_E",
    "local_id": 13,
    "image": "63.jpeg",
    "R": [
      [
        0.8295231688777348,
        -0.33557676865208524,
        -0.446407355285002
      ],
      [
        -0.2566473504085529,
        -0.9389937434908757,
        0.22896035525527753
      ],
      [
        -0.4960075321439691,
        -0.07535865376220859,
        -0.8650419522991425
      ]
    ],
    "t": [
      [
        -10.752026491011359
      ],
      [
        41.97319048052528
      ],
      [
        33.68408542100845
      ]
    ],
    "center": [
      36.39892329390245,
      38.34282027978725,
      14.728166700575066
    ]
  },
  {
    "id": 35,
    "wall": "wall_E",
    "local_id": 14,
    "image": "65.jpeg",
    "R": [
      [
        0.7988338524897384,
        -0.30465036470727713,
        -0.5187028257726602
      ],
      [
        -0.17842900252274646,
        -0.9434690021015402,
        0.27933731578377957
      ],
      [
        -0.5744802350629101,
        -0.13059247176371883,
        -0.8080334270979429
      ]
    ],
    "t": [
      [
        -19.760330673767477
      ],
      [
        74.0123500118313
      ],
      [
        83.6646537656707
      ]
    ],
    "center": [
      77.05486082733177,
      74.73433999686739,
      36.679686363397806
    ]
  },
  {
    "id": 36,
    "wall": "wall_F",
    "local_id": 0,
    "image": "74.jpeg",
    "R": [
      [
        -0.7753327644621435,
        -0.6310870634213499,
        -0.024253361489681043
      ],
      [
        -0.26555569415854213,
        0.2909289630447659,
        0.919152046540063
      ],
      [
        -0.5730089642405186,
        0.7190893344240243,
        -0.39315551301361973
      ]
    ],
    "t": [
      [
        96.4680310816716
      ],
      [
        59.96749144887783
      ],
      [
        -8.491575325444328
      ]
    ],
    "center": [
      85.85378525742242,
      49.53964759473897,
      -56.11807811445708
    ]
  },
  {
    "id": 37,
    "wall": "wall_F",
    "local_id": 1,
    "image": "75.jpeg",
    "R": [
      [
        -0.840527679071037,
        -0.5361789364424056,
        -0.07762344678586791
      ],
      [
        -0.296863358791342,
        0.3359638667872311,
        0.8938682281342225
      ],
      [
        -0.4531946360319687,
        0.7743645641890246,
        -0.4415587877199365
      ]
    ],
    "t": [
      [
        97.28879312762182
      ],
      [
        58.37948303663572
      ],
      [
        -22.318693327063574
      ]
    ],
    "center": [
      88.98994080687237,
      49.83360999638585,
      -54.486688774137434
    ]
  },
  {
    "id": 38,
    "wall": "wall_F",
    "local_id": 2,
    "image": "76.jpeg",
    "R": [
      [
        -0.8847279324871151,
        -0.4171500053881388,
        -0.20794801243587446
      ],
      [
        -0.37775122658979265,
        0.3803460556227969,
        0.8441805936887474
      ],
      [
        -0.27305775090109197,
        0.825422735538057,
        -0.4940817092242332
      ]
    ],
    "t": [
      [
        104.54076936223099
      ],
      [
        65.08837931691899
      ],
      [
        -45.108754303585116
      ]
    ],
    "center": [
      104.7600588660799,
      56.086865536643586,
      -55.49471191389328
    ]
  },
  {
    "id": 39,
    "wall": "wall_F",
    "local_id": 3,
    "image": "77.jpeg",
    "R": [
      [
        -0.925703105536691,
        -0.3283549760721239,
        -0.18776773855338635
      ],
      [
        -0.3073877239423791,
        0.3637629537380733,
        0.8793118331364497
      ],
      [
        -0.22042346178329905,
        0.8716991929940126,
        -0.43766880882523096
      ]
    ],
    "t": [
      [
        112.19952257078629
      ],
      [
        59.74480443041511
      ],
      [
        -51.292343271227146
      ]
    ],
    "center": [
      110.9222300679376,
      59.81981925522349,
      -53.91592166557365
    ]
  },
  {
    "id": 40,
    "wall": "wall_F",
    "local_id": 4,
    "image": "78.jpeg",
    "R": [
      [
        -0.9172015849669863,
        -0.34496497575256246,
        -0.19935003453313768
      ],
      [
        -0.3106343634827288,
        0.30583540394993086,
        0.89998388926635
      ],
      [
        -0.24949464034304128,
        0.8873915924848453,
        -0.38767069219802713
      ]
    ],
    "t": [
      [
        111.35849947782188
      ],
      [
        70.94266027632938
      ],
      [
        -42.04556700192196
      ]
    ],
    "center": [
      113.68527672214883,
      54.02888756807845,
      -57.94776465742373
    ]
  },
  {
    "id": 41,
    "wall": "wall_F",
    "local_id": 5,
    "image": "79.jpeg",
    "R": [
      [
        -0.919387536457363,
        -0.33935888662580277,
        -0.19890215273262649
      ],
      [
        -0.31073406597212244,
        0.31654086128884773,
        0.8962400596280593
      ],
      [
        -0.24118637279137,
        0.8857976103374539,
        -0.39647411283159095
      ]
    ],
    "t": [
      [
        116.07724804540983
      ],
      [
        69.68309429301097
      ],
      [
        -44.761163538929765
      ]
    ],
    "center": [
      117.5771036625299,
      56.98363067320369,
      -57.11140866813168
    ]
  },
  {
    "id": 42,
    "wall": "wall_F",
    "local_id": 6,
    "image": "80.jpeg",
    "R": [
      [
        -0.9039881508888594,
        -0.32397091567520153,
        -0.2790130205677306
      ],
      [
        -0.3504745571232901,
        0.18770487697298147,
        0.9175698674142567
      ],
      [
        -0.24489383135751755,
        0.9272592662126488,
        -0.2832265326042664
      ]
    ],
    "t": [
      [
        -55.99063570319488
      ],
      [
        -53.10774951440516
      ],
      [
        4.586311406968384
      ]
    ],
    "center": [
      -68.10462685504748,
      -12.423453678935545,
      34.406919366785516
    ]
  },
  {
    "id": 43,
    "wall": "wall_F",
    "local_id": 7,
    "image": "81.jpeg",
    "R": [
      [
        -0.9045446222172842,
        -0.32778552907729624,
        -0.27268236293726944
      ],
      [
        -0.3424828798800286,
        0.1776129984949299,
        0.9225828219995904
      ],
      [
        -0.2539773751665378,
        0.927906415788971,
        -0.27291979407651884
      ]
    ],
    "t": [
      [
        -55.91501466834962
      ],
      [
        -52.61129892216773
      ],
      [
        3.5659075525806188
      ]
    ],
    "center": [
      -67.6904351482583,
      -12.292510606300379,
      34.26444906018606
    ]
  },
  {
    "id": 44,
    "wall": "wall_F",
    "local_id": 8,
    "image": "82.jpeg",
    "R": [
      [
        -0.906063402725567,
        -0.4212487794345658,
        -0.039981978894039934
      ],
      [
        -0.24676789126394735,
        0.4492770197742971,
        0.8586359741602521
      ],
      [
        -0.3437363786347439,
        0.7878449332925318,
        -0.5110241312358517
      ]
    ],
    "t": [
      [
        -51.780731857427284
      ],
      [
        -28.918038261438912
      ],
      [
        20.321177874683368
      ]
    ],
    "center": [
      -47.06754133139002,
      -24.830297072456997,
      33.14438409427172
    ]
  },
  {
    "id": 45,
    "wall": "wall_F",
    "local_id": 9,
    "image": "83.jpeg",
    "R": [
      [
        -0.9089363157300054,
        -0.41476153398571386,
        -0.04251674359016097
      ],
      [
        -0.2490461796672687,
        0.45831770123447196,
        0.8531827928783094
      ],
      [
        -0.33438124556314913,
        0.7860774516949851,
        -0.5198763627305373
      ]
    ],
    "t": [
      [
        -44.92692550374245
      ],
      [
        -27.651955586928274
      ],
      [
        18.488723873366133
      ]
    ],
    "center": [
      -41.54004552605226,
      -20.49414876742331,
      31.29387664308039
    ]
  },
  {
    "id": 46,
    "wall": "wall_F",
    "local_id": 10,
    "image": "84.jpeg",
    "R": [
      [
        -0.9108654113127795,
        -0.2779896847201019,
        -0.30503441164861883
      ],
      [
        -0.39812828284484014,
        0.39718287833628074,
        0.826885520860468
      ],
      [
        -0.1087112046110465,
        0.8746242267415482,
        -0.4724556922268157
      ]
    ],
    "t": [
      [
        -41.19024149452898
      ],
      [
        -33.97377171530459
      ],
      [
        18.197980841379263
      ]
    ],
    "center": [
      -49.066361237008586,
      -13.873056730433413,
      24.125718476000266
    ]
  },
  {
    "id": 47,
    "wall": "wall_F",
    "local_id": 11,
    "image": "85.jpeg",
    "R": [
      [
        -0.9136360314649717,
        -0.30600074190206356,
        -0.26764301725135686
      ],
      [
        -0.38048113885503915,
        0.41174396317136636,
        0.828070651912424
      ],
      [
        -0.14318983024039553,
        0.8583882843159709,
        -0.4926116363284058
      ]
    ],
    "t": [
      [
        -43.997638368573725
      ],
      [
        -31.664225038830942
      ],
      [
        17.632471071043494
      ]
    ],
    "center": [
      -49.720677577249916,
      -15.561263065408008,
      23.130515212127314
    ]
  },
  {
    "id": 48,
    "wall": "wall_F",
    "local_id": 12,
    "image": "86.jpeg",
    "R": [
      [
        -0.895397468007023,
        -0.3906468402087225,
        -0.2136783274590984
      ],
      [
        -0.33379989488436534,
        0.27130321779276173,
        0.9027581003722374
      ],
      [
        -0.29468800095870007,
        0.8796531239730484,
        -0.3733220899506303
      ]
    ],
    "t": [
      [
        -31.595405297064776
      ],
      [
        -36.01507934483055
      ],
      [
        4.029217344878388
      ]
    ],
    "center": [
      -39.12491359841367,
      -6.115951953686794,
      27.26584709488082
    ]
  },
  {
    "id": 49,
    "wall": "wall_F",
    "local_id": 13,
    "image": "87.jpeg",
    "R": [
      [
        -0.8971926582179249,
        -0.38972709150553064,
        -0.20774531495236248
      ],
      [
        -0.3055359397716968,
        0.20808050671966177,
        0.9291664429025852
      ],
      [
        -0.3188936037858327,
        0.8971149537216873,
        -0.30576394645065447
      ]
    ],
    "t": [
      [
        -20.810833845319852
      ],
      [
        -34.50341984978059
      ],
      [
        -2.1866016259195
      ]
    ],
    "center": [
      -29.910655419087636,
      1.0305763560067565,
      27.06748271572126
    ]
  },
  {
    "id": 50,
    "wall": "wall_F",
    "local_id": 14,
    "image": "88.jpeg",
    "R": [
      [
        -0.9204468819026154,
        -0.2563798020677132,
        -0.2950371182699123
      ],
      [
        -0.33651854212223387,
        0.13582622093364935,
        0.9318296432742607
      ],
      [
        -0.19882851844812652,
        0.956985175393484,
        -0.21129737523612654
      ]
    ],
    "t": [
      [
        -5.290703936523193
      ],
      [
        -30.550681924224914
      ],
      [
        -7.3236375937539755
      ]
    ],
    "center": [
      -16.606830895840023,
      9.801766651845695,
      25.359611595443983
    ]
  },
  {
    "id": 51,
    "wall": "wall_F",
    "local_id": 15,
    "image": "89.jpeg",
    "R": [
      [
        -0.9378053703467962,
        -0.26227849661259295,
        -0.2274446206789448
      ],
      [
        -0.2867977840972907,
        0.21613910830616856,
        0.933290381140005
      ],
      [
        -0.19562230118812884,
        0.9404753409574169,
        -0.27791730310389023
      ]
    ],
    "t": [
      [
        -11.015937738778796
      ],
      [
        -35.57155437966859
      ],
      [
        1.2995451586663644
      ]
    ],
    "center": [
      -20.27842852938172,
      3.576970279594815,
      31.054239850082173
    ]
  },
  {
    "id": 52,
    "wall": "wall_F",
    "local_id": 16,
    "image": "90.jpeg",
    "R": [
      [
        -0.9140883130777141,
        -0.23842656615252425,
        -0.32801724018842604
      ],
      [
        -0.3781892248195141,
        0.2093227823464291,
        0.9017521288959751
      ],
      [
        -0.1463401748543845,
        0.9483336608399218,
        -0.28150986985456
      ]
    ],
    "t": [
      [
        -7.920714209491415
      ],
      [
        -35.6482665083994
      ],
      [
        -0.38074148379785616
      ]
    ],
    "center": [
      -20.777740342409,
      5.934555606084287,
      29.44058691452946
    ]
  },
  {
    "id": 53,
    "wall": "wall_F",
    "local_id": 17,
    "image": "91.jpeg",
    "R": [
      [
        -0.912360836222674,
        -0.2738893468190696,
        -0.30427350388610297
      ],
      [
        -0.38166301620996707,
        0.300194457488364,
        0.8741948403191969
      ],
      [
        -0.14809144959103615,
        0.9137110857970234,
        -0.3784190951860223
      ]
    ],
    "t": [
      [
        -7.0439157915663655
      ],
      [
        -35.55979385372287
      ],
      [
        6.427310748770096
      ]
    ],
    "center": [
      -19.046621314134693,
      2.872894446102152,
      31.37512848878925
    ]
  },
  {
    "id": 54,
    "wall": "wall_G",
    "local_id": 0,
    "image": "92.jpeg",
    "R": [
      [
        -0.7473539141145189,
        -0.6341259067415307,
        -0.19835944779180031
      ],
      [
        -0.6230686750543006,
        0.5651905920288082,
        0.5406894058570773
      ],
      [
        -0.23075425424897303,
        0.5276779208485206,
        -0.8175013830283917
      ]
    ],
    "t": [
      [
        36.84092554342781
      ],
      [
        24.831107440612282
      ],
      [
        -72.80476137360107
      ]
    ],
    "center": [
      26.204686701095863,
      47.74494210982727,
      -65.63616419587564
    ]
  },
  {
    "id": 55,
    "wall": "wall_G",
    "local_id": 1,
    "image": "93.jpeg",
    "R": [
      [
        -0.7435595929211948,
        -0.49693606035498106,
        -0.44740769646984024
      ],
      [
        -0.663830648215122,
        0.6289442425081866,
        0.4046702251838306
      ],
      [
        0.08029926227037597,
        0.597899387973586,
        -0.7975389183147766
      ]
    ],
    "t": [
      [
        19.019146623556637
      ],
      [
        14.363691245127962
      ],
      [
        -84.14461669608889
      ]
    ],
    "center": [
      30.433678035854957,
      50.72735370849903,
      -64.41185217277956
    ]
  },
  {
    "id": 56,
    "wall": "wall_G",
    "local_id": 2,
    "image": "94.jpeg",
    "R": [
      [
        -0.5996637967374554,
        -0.44216337627597424,
        -0.6670043913465077
      ],
      [
        -0.7948294537410845,
        0.425952743569899,
        0.4322156744092995
      ],
      [
        0.09300241990464633,
        0.7893388208826485,
        -0.6068729013089601
      ]
    ],
    "t": [
      [
        4.717236090959896
      ],
      [
        38.5598928076476
      ],
      [
        -86.02642626785583
      ]
    ],
    "center": [
      41.4779600596885,
      53.565094778508424,
      -65.72687978573421
    ]
  },
  {
    "id": 57,
    "wall": "wall_G",
    "local_id": 3,
    "image": "95.jpeg",
    "R": [
      [
        -0.6974306382347333,
        -0.47043226159176366,
        -0.5406329805716058
      ],
      [
        -0.6947098525435059,
        0.6290426245359806,
        0.3488317813255968
      ],
      [
        0.17597945969974718,
        0.6188690254756543,
        -0.76552749970243
      ]
    ],
    "t": [
      [
        20.015717467724237
      ],
      [
        11.62342258534676
      ],
      [
        -86.2209878020549
      ]
    ],
    "center": [
      37.20760364674223,
      55.46390968315196,
      -59.23799942667259
    ]
  }
]